StartTime: 2020-06-07 11:07:10.434
address	Time(s)	ax(g)	ay(g)	az(g)	wx(deg/s)	wy(deg/s)	wz(deg/s)	AngleX(deg)	AngleY(deg)	AngleZ(deg)	T(°)	hx	hy	hz 
0x50	 11:56:36.036	0.0215	0.1563	-0.4897	-22.2778	17.5171	-16.9678	143.4595	-57.0081	158.6151	38.91	-39	120	289 
0x50	 11:56:36.119	1.9331	-0.2061	-0.7046	-27.0386	-44.4336	-39.4897	138.9221	-52.8387	162.8668	38.91	-40	108	290 
0x50	 11:56:36.214	1.5874	-0.2500	-0.3569	6.1035	-13.5498	44.7998	144.4702	-53.8660	156.2915	38.90	-29	112	292 
0x50	 11:56:36.316	-0.2354	0.1514	-0.1538	2.7466	36.3159	-0.4272	146.9861	-57.3157	154.0448	38.88	-32	119	290 
0x50	 11:56:36.455	-0.0127	-0.0845	-0.3452	26.3672	-4.0894	13.3057	140.5096	-54.6790	163.9545	38.93	-44	126	297 
0x50	 11:56:36.508	1.8071	0.0513	-0.6152	-10.6201	-44.8608	59.3262	152.5946	-56.8542	152.1936	38.89	-43	134	293 
0x50	 11:56:36.610	1.3428	0.2651	-0.2358	0.0000	-9.2773	-44.4336	151.1609	-55.1953	150.5402	38.91	-33	124	294 
0x50	 11:56:36.768	-0.3535	-0.1401	-0.1304	3.1128	29.2358	11.9019	148.5901	-58.1671	153.1055	38.88	-34	122	290 
0x50	 11:56:36.815	0.5571	0.1558	-1.2471	-89.1724	-30.2124	-71.7163	143.9374	-55.5084	159.6313	38.89	-43	116	291 
0x50	 11:56:36.974	2.1914	-0.0576	-0.6982	-11.9629	-45.2271	-29.1138	137.0709	-50.5316	163.0756	38.89	-32	93	290 
0x50	 11:56:37.008	1.2832	-0.3921	-0.2935	-16.7847	-8.1177	53.8940	144.2944	-51.8500	155.0610	38.88	-24	98	291 
0x50	 11:56:37.162	-0.2593	0.0293	-0.2354	-15.1367	36.4380	-16.9678	139.3835	-56.3599	157.9999	38.89	-32	100	290 
0x50	 11:56:37.204	-0.0742	-0.0327	-0.1875	15.4419	14.6484	29.1138	132.9675	-53.3551	166.7230	38.90	-50	101	289 
0x50	 11:56:37.367	1.9824	-0.3320	-0.5127	4.2114	-25.3906	70.3735	148.0847	-57.1069	152.2705	38.86	-48	115	289 
0x50	 11:56:37.414	1.4546	0.2192	-0.3218	21.4844	-35.1563	-80.1392	147.5299	-53.0750	154.0448	38.91	-33	113	290 
0x50	 11:56:37.518	-0.1563	-0.2324	-0.2603	-5.7373	23.1934	1.3428	144.1901	-56.4038	157.6648	38.91	-34	117	291 
0x50	 11:56:37.630	0.1074	0.2168	-0.6050	-9.9487	0.7324	-37.6587	140.9601	-54.6185	163.5864	38.90	-45	119	292 
0x50	 11:56:37.705	2.2271	0.0000	-0.6592	-4.5166	-38.5742	-45.9595	136.0602	-48.3069	166.1572	38.88	-35	101	290 
0x50	 11:56:37.817	1.4268	-0.2515	-0.4116	0.3662	-27.8931	66.2842	142.0917	-50.0372	158.7744	38.91	-23	102	292 
0x50	 11:56:37.905	-0.1709	0.1030	-0.1768	8.4839	30.5786	-7.0801	141.2457	-54.4757	159.6094	38.91	-27	112	294 
0x50	 11:56:38.049	0.3672	-0.2681	-0.7803	51.0864	-25.0854	37.0483	139.3396	-51.6412	165.8276	38.91	-39	121	292 
0x50	 11:56:38.106	1.8467	0.2173	-0.5957	-23.6206	-57.1899	47.4243	150.0677	-54.8822	152.5562	38.90	-38	125	292 
0x50	 11:56:38.267	1.3481	0.2793	-0.2661	23.1934	-12.8784	-57.2510	147.4036	-52.7124	153.8690	38.91	-30	114	291 
0x50	 11:56:38.298	-0.3965	-0.2183	-0.3970	-10.2539	33.9966	8.1177	144.7778	-54.7449	157.4451	38.93	-29	117	292 
0x50	 11:56:38.426	0.5068	0.3198	-1.0557	-46.6309	-27.2217	-65.2466	138.5706	-52.5146	164.3390	38.91	-37	110	287 
0x50	 11:56:38.504	2.2520	-0.1279	-0.5918	10.3149	-29.6021	-5.9204	135.9998	-49.2407	165.8551	38.91	-31	95	288 
0x50	 11:56:38.669	1.0659	-0.2153	-0.2896	6.9580	3.4790	54.1382	143.6188	-51.5094	157.5110	38.89	-25	103	291 
0x50	 11:56:38.697	-0.1748	0.0034	-0.3804	0.3662	16.1743	-22.5830	140.7843	-55.4370	161.0760	38.89	-35	111	290 
0x50	 11:56:38.858	0.8662	0.3530	-0.8618	100.7080	-22.6440	87.0972	141.4764	-53.6133	164.7894	38.90	-47	124	293 
0x50	 11:56:38.895	1.9805	0.1636	-0.4888	-41.9922	-67.6270	12.5122	154.1052	-56.3104	150.6116	38.88	-43	130	293 
0x50	 11:56:39.048	1.0854	0.1963	-0.2910	37.4756	-0.3662	-50.4150	149.7052	-53.9539	154.7479	38.89	-34	124	292 
0x50	 11:56:39.093	-0.0537	-0.1108	-0.2373	30.6396	29.3579	17.0898	148.6560	-57.6617	160.0104	38.91	-40	135	292 
0x50	 11:56:39.251	0.6011	-0.1475	-1.0083	-58.6548	-36.6821	-68.5425	147.9858	-54.1736	163.2458	38.88	-46	142	295 
0x50	 11:56:39.302	2.2715	-0.3105	-0.5396	-34.6680	-31.0669	-8.9722	142.2620	-51.0095	165.7123	38.88	-34	124	291 
0x50	 11:56:39.442	1.3525	-0.0503	-0.1963	-23.8037	-19.0430	58.6548	147.4036	-53.7726	155.6763	38.92	-30	116	293 
0x50	 11:56:39.493	-0.2139	0.1328	-0.3071	5.7983	14.2822	-26.1841	143.0475	-55.5194	160.6036	38.91	-38	121	295 
0x50	 11:56:39.667	0.6831	0.2017	-0.4707	46.2036	-5.3101	62.1338	145.2008	-53.6572	162.8009	38.87	-46	133	293 
0x50	 11:56:39.696	1.9058	0.0830	-0.4873	-40.5884	-57.9834	12.4512	153.1219	-54.5416	150.6006	38.91	-37	127	295 
0x50	 11:56:39.870	1.0991	-0.0288	-0.0527	-1.5869	21.2402	-53.6499	146.4203	-53.9539	157.0935	38.93	-33	118	291 
0x50	 11:56:39.891	-0.1919	0.0059	-0.3662	-19.5313	25.0854	33.8135	142.3334	-56.1346	159.5270	38.93	-35	110	292 
0x50	 11:56:40.052	1.2212	0.0933	-0.6953	10.8643	-14.5264	-63.4155	136.3348	-52.7673	165.4211	38.89	-40	97	288 
0x50	 11:56:40.100	2.0283	-0.1221	-0.4092	21.6064	-37.2925	30.5786	139.5923	-50.1196	163.2843	38.92	-30	95	290 
0x50	 11:56:40.263	0.6592	0.1631	-0.0547	10.1929	24.7803	30.2124	147.4695	-53.1903	153.5999	38.88	-20	106	293 
0x50	 11:56:40.298	-0.1294	0.0859	-0.2720	13.4888	35.8887	-26.4282	141.6852	-52.8662	162.2900	38.93	-32	117	294 
0x50	 11:56:40.468	1.7314	-0.6729	-0.5757	-3.7842	-10.4980	77.8198	150.7379	-54.2285	155.8575	38.92	-36	135	298 
0x50	 11:56:40.492	2.2744	-0.4492	-0.4404	-11.5967	3.6011	-42.7856	156.6705	-54.3658	146.6510	38.93	-26	130	295 
0x50	 11:56:40.594	0.3647	-0.1499	-0.0049	14.9536	48.5229	-38.8794	150.2216	-54.9426	154.8138	38.89	-28	131	296 
0x50	 11:56:40.696	-0.2168	0.0317	-0.2192	3.7842	29.6021	1.5259	149.7821	-58.4967	156.9232	38.91	-41	133	295 
0x50	 11:56:40.784	1.7163	0.0542	-0.6226	-10.2539	-32.7148	-51.2695	141.8005	-54.4482	164.3829	38.91	-43	122	294 
0x50	 11:56:40.889	1.7749	0.0405	-0.2959	19.8975	-29.4189	57.9834	144.2889	-53.2837	159.6368	38.88	-32	116	291 
0x50	 11:56:40.995	0.6631	0.1836	-0.0244	25.7568	12.6343	16.9067	152.2870	-56.3324	151.4685	38.87	-27	124	294 
0x50	 11:56:41.081	-0.1602	0.0161	-0.2954	11.1694	44.0674	-19.7144	145.9698	-54.3274	161.6089	38.90	-36	135	292 
0x50	 11:56:41.250	1.5781	-0.5474	-0.5610	-32.1045	-10.8643	76.4160	154.5941	-56.5247	152.1606	38.91	-40	146	293 
0x50	 11:56:41.286	1.8535	-0.1938	-0.3999	-0.2441	3.8452	-62.8662	155.1270	-55.6128	147.9364	38.91	-30	130	295 
0x50	 11:56:41.390	0.0425	-0.2100	0.0977	22.3389	60.1196	-19.3481	151.9189	-57.8265	155.2533	38.90	-28	137	295 
0x50	 11:56:41.494	-0.1587	0.0283	-0.1436	-14.9536	30.2734	-17.7612	150.5786	-58.4363	159.8730	38.89	-42	142	294 
0x50	 11:56:41.578	1.7466	0.1328	-0.6699	-7.5073	-31.6162	-43.2129	142.0148	-54.0582	165.7947	38.90	-39	126	291 
0x50	 11:56:41.746	1.6851	-0.0845	-0.3105	-6.1035	-33.2031	58.8379	145.1788	-54.1516	160.1367	38.90	-30	117	291 
0x50	 11:56:41.783	-0.0137	0.2798	-0.0254	-0.2441	42.4805	17.5781	147.7002	-57.0355	154.6381	38.90	-34	118	294 
0x50	 11:56:41.885	-0.0723	-0.1440	-0.1230	-3.2959	31.7993	12.3901	140.3229	-56.2390	163.6578	38.91	-44	121	292 
0x50	 11:56:42.059	1.8120	-0.2974	-0.5527	-14.7705	-21.3623	70.6787	154.2865	-59.8425	149.4196	38.91	-48	131	292 
0x50	 11:56:42.075	1.4277	0.0938	-0.2891	5.7983	-15.6250	-73.6694	153.1165	-58.2220	149.6118	38.91	-41	125	289 
0x50	 11:56:42.176	0.0542	-0.3701	-0.0391	-5.1270	24.2920	7.2021	149.0460	-59.5349	155.7642	38.90	-41	131	291 
0x50	 11:56:42.338	-0.0703	0.2109	-0.3364	-28.6865	16.3574	-21.3013	147.2827	-59.7107	156.9452	38.90	-48	129	293 
0x50	 11:56:42.382	2.0298	0.0635	-0.5757	-7.2632	-30.1514	-25.8789	140.8282	-54.8932	160.8563	38.92	-42	108	293 
0x50	 11:56:42.536	1.4893	-0.1411	-0.4463	7.6294	-33.2642	66.7725	146.3928	-54.9536	153.8470	38.88	-30	105	290 
0x50	 11:56:42.581	-0.0088	0.2617	-0.0479	25.3906	33.9355	-6.4087	150.4578	-58.3264	149.7931	38.91	-31	118	291 
0x50	 11:56:42.741	0.0825	-0.2490	-0.4722	7.6904	-4.8218	19.0430	143.1903	-55.5963	160.6586	38.92	-42	127	292 
0x50	 11:56:42.770	1.5786	0.1475	-0.5977	-8.6670	-42.7856	51.0254	155.5499	-57.9694	147.5519	38.90	-40	135	293 
0x50	 11:56:42.940	1.7339	-0.0508	-0.3354	-3.4180	-1.6479	-74.6460	155.1105	-56.2500	145.9808	38.89	-29	124	295 
0x50	 11:56:42.980	0.3462	-0.2231	0.0107	-17.7002	37.8418	-18.2495	149.7052	-57.4310	152.3914	38.90	-31	125	294 
0x50	 11:56:43.068	-0.0825	0.0757	-0.2705	-42.7246	34.4849	-5.7373	144.0033	-57.3322	156.7310	38.91	-34	111	293 
0x50	 11:56:43.170	1.7607	0.2124	-0.7539	3.1738	-38.0249	-37.4756	140.4272	-53.1024	159.1370	38.91	-33	100	290 
0x50	 11:56:43.343	1.5952	-0.1372	-0.4497	8.8501	-23.0713	56.6406	145.8600	-53.0914	153.1879	38.90	-20	103	292 
0x50	 11:56:43.375	0.0454	0.2954	-0.0684	37.0483	61.8286	0.7935	147.7991	-57.9584	152.4353	38.93	-28	112	293 
0x50	 11:56:43.525	-0.0317	-0.0752	-0.2065	11.4746	40.3442	-6.1035	140.4932	-57.0245	163.3447	38.91	-42	121	293 
0x50	 11:56:43.578	1.3735	-0.5264	-0.5444	-32.8979	-19.2261	72.5098	150.4578	-60.0677	152.8857	38.88	-46	128	292 
0x50	 11:56:43.664	1.8262	0.0381	-0.3101	-7.8735	-18.6157	-60.3027	153.3527	-58.8593	146.4697	38.88	-36	116	293 
0x50	 11:56:43.766	0.4658	-0.1060	-0.0547	0.0000	49.0723	-28.4424	148.2166	-58.0023	152.3364	38.91	-31	114	290 
0x50	 11:56:43.934	-0.1025	-0.0474	-0.1860	-8.1787	47.7905	11.4136	145.3986	-60.3424	156.1377	38.93	-41	116	286 
0x50	 11:56:43.961	1.7144	0.3311	-0.6108	22.6440	-36.8652	-41.7480	142.0148	-56.6125	158.1702	38.91	-41	104	286 
0x50	 11:56:44.137	1.6626	-0.0142	-0.3442	24.6582	-25.3296	44.8608	145.6183	-54.1351	154.6765	38.93	-28	103	288 
0x50	 11:56:44.170	0.5474	0.2959	-0.0332	14.0991	47.2412	20.3247	152.9022	-57.0300	145.5194	38.89	-20	110	292 
0x50	 11:56:44.273	-0.2119	0.0645	-0.1807	9.0942	40.8325	-17.3340	147.2223	-57.1234	154.2700	38.89	-33	117	291 
0x50	 11:56:44.375	1.4863	-0.4717	-0.6025	-2.2583	-27.5269	69.8242	155.5994	-58.8538	147.0795	38.91	-38	130	289 
0x50	 11:56:44.464	1.7910	0.0142	-0.4458	-2.0752	1.8921	-67.6270	160.4059	-57.5244	139.9054	38.91	-29	130	293 
0x50	 11:56:44.582	0.2817	-0.1401	-0.0542	-2.0752	36.6821	-11.0474	154.9896	-57.8870	146.6510	38.90	-25	127	294