StartTime: 2020-06-07 11:07:10.434
address	Time(s)	ax(g)	ay(g)	az(g)	wx(deg/s)	wy(deg/s)	wz(deg/s)	AngleX(deg)	AngleY(deg)	AngleZ(deg)	T(°)	hx	hy	hz 
0x50	 12:01:28.023	0.6724	-0.0996	-0.7095	2.9297	-11.2915	-2.4414	-172.5238	-42.9236	12.3871	39.11	-123	-138	209 
0x50	 12:01:28.096	0.6553	-0.0991	-0.7407	5.9204	-15.9912	-8.2397	-172.5897	-41.6656	13.4088	39.14	-117	-137	213 
0x50	 12:01:28.199	0.6226	-0.1055	-0.7251	4.4556	-13.7939	-4.8218	-172.5732	-40.2429	14.3317	39.09	-111	-135	218 
0x50	 12:01:28.300	0.6138	-0.1050	-0.7520	1.5869	-8.5449	-2.0752	-172.7271	-39.1333	14.9194	39.14	-105	-136	224 
0x50	 12:01:28.401	0.6196	-0.0889	-0.7866	-2.3804	-5.0049	0.8545	-173.0292	-38.4851	15.2875	39.14	-103	-136	222 
0x50	 12:01:28.486	0.6172	-0.1104	-0.7871	-3.4790	-3.4180	0.7935	-173.1775	-38.0511	15.1447	39.12	-99	-134	223 
0x50	 12:01:28.592	0.5820	-0.0908	-0.7676	-6.5918	-1.7090	3.9063	-173.4302	-37.7106	14.7986	39.11	-100	-135	222 
0x50	 12:01:28.697	0.5811	-0.0952	-0.7705	-3.3569	-0.1221	2.1362	-173.6224	-37.5238	14.4690	39.16	-100	-134	221 
0x50	 12:01:28.785	0.5923	-0.0850	-0.7710	0.4883	2.0752	0.5493	-173.6499	-37.5952	14.3921	39.13	-103	-135	220 
0x50	 12:01:28.949	0.5913	-0.0820	-0.7695	0.8545	1.0986	-0.5493	-173.6609	-37.7490	14.5569	39.12	-100	-137	222 
0x50	 12:01:28.995	0.6069	-0.0869	-0.7671	-0.7324	0.1831	-1.8311	-173.7213	-37.8314	14.7601	39.13	-103	-136	221 
0x50	 12:01:29.166	0.5986	-0.0835	-0.7705	-2.0752	-0.6714	-0.1831	-174.0125	-37.7820	14.8151	39.12	-102	-141	222 
0x50	 12:01:29.183	0.6172	-0.0898	-0.7808	-2.3804	-0.1221	-1.8311	-174.1937	-37.7875	14.9030	39.15	-101	-142	219 
0x50	 12:01:29.306	0.6133	-0.0776	-0.7515	-4.8828	0.0610	-1.2207	-174.5782	-37.7930	15.1227	39.12	-100	-140	215 
0x50	 12:01:29.393	0.6040	-0.0483	-0.7734	-4.4556	-2.0142	-0.7324	-175.2814	-37.7325	15.2820	39.11	-98	-141	212 
0x50	 12:01:29.549	0.5991	-0.0601	-0.7856	-1.0376	-6.3477	-2.1362	-175.6165	-37.2876	15.5182	39.16	-99	-144	217 
0x50	 12:01:29.581	0.5811	-0.0645	-0.7559	-3.8452	-7.7515	-2.3193	-176.0504	-36.5405	15.9961	39.10	-92	-143	218 
0x50	 12:01:29.712	0.5908	-0.1055	-0.7544	-2.2583	-0.4883	-5.8594	-176.2592	-36.3153	16.4301	39.14	-91	-146	216 
0x50	 12:01:29.787	0.2188	-0.2031	-0.3076	-52.8564	19.6533	5.7373	-177.3468	-37.8479	16.8530	39.16	-91	-148	212 
0x50	 12:01:29.886	0.4844	-0.0020	-0.2900	-111.0840	49.6826	50.7813	178.2751	-39.4739	11.3599	39.10	-107	-157	177 
0x50	 12:01:29.987	1.4395	0.4268	-0.1074	63.1714	45.0439	-16.5405	175.8691	-46.1536	11.2665	39.14	-131	-162	142 
0x50	 12:01:30.144	2.5020	-0.4873	-0.5698	26.0010	30.9448	-59.8145	178.9728	-48.7903	21.1157	39.15	-112	-162	171 
0x50	 12:01:30.181	1.1973	0.0591	-0.4775	-91.3086	-58.7158	18.0054	176.7480	-44.8737	18.1714	39.13	-99	-165	173 
0x50	 12:01:30.275	0.1567	-0.0405	-0.0898	-65.6738	-81.9702	52.9785	171.5295	-35.9637	12.5354	39.14	-96	-175	145 
0x50	 12:01:30.381	2.1113	1.0586	-0.4741	232.5439	136.3525	53.2227	-173.3148	-39.3970	-0.5878	39.13	-142	-150	146 
0x50	 12:01:30.560	0.0366	-0.7515	0.3926	109.4971	13.9160	-38.1470	-168.4863	-51.2952	10.3876	39.13	-137	-135	169 
0x50	 12:01:30.576	2.5708	-1.7734	-0.1001	-71.2280	2.1362	-70.7397	-161.8781	-47.0160	19.7205	39.13	-102	-114	225 
0x50	 12:01:30.758	-0.7324	1.4604	-0.2163	-72.5708	102.8442	160.5835	-171.9415	-56.3324	15.8203	39.12	-107	-137	181 
0x50	 12:01:30.772	-0.4409	0.5513	-1.5127	-169.2505	-97.0459	-11.2305	-168.9752	-55.5579	0.2747	39.10	-145	-136	122 
0x50	 12:01:30.951	3.8232	1.1938	-0.7612	262.8784	48.4619	55.2368	-163.9435	-49.6088	-1.3403	39.10	-156	-130	119 
0x50	 12:01:30.987	-0.7954	0.6743	0.9155	86.1816	110.2295	-78.6133	-157.5549	-62.8308	5.0482	39.13	-146	-127	146 
0x50	 12:01:31.073	1.0400	0.3604	-0.0146	22.7051	-108.0933	-14.4043	-148.3209	-56.7224	8.6243	39.13	-130	-115	194 
0x50	 12:01:31.169	-0.3291	2.6270	-1.0229	-25.6348	68.1152	182.4341	-157.4176	-64.7864	-0.2692	39.10	-130	-137	145 
0x50	 12:01:31.345	0.1538	1.1709	-1.0186	-73.0591	-101.1963	-4.2725	-150.7654	-66.9177	-13.1616	39.12	-154	-136	100 
0x50	 12:01:31.375	2.1245	1.1558	-0.5483	402.0996	111.2061	22.2778	-148.7659	-60.3040	-8.7781	39.14	-153	-129	113 
0x50	 12:01:31.531	-0.6523	-0.2905	0.4697	87.2803	98.9990	10.0708	-138.1641	-69.6753	-9.9756	39.15	-137	-124	145 
0x50	 12:01:31.581	1.2534	-0.3208	0.3784	-130.3101	-92.7734	12.7563	-138.2410	-63.0835	0.1593	39.14	-128	-108	185 
0x50	 12:01:31.733	1.7754	2.9380	-1.6680	23.8647	51.8799	184.2651	-141.5039	-69.0710	-19.7534	39.13	-141	-121	115 
0x50	 12:01:31.773	0.0205	1.4658	-2.1270	-86.1816	-131.4087	-25.3296	-137.7631	-70.1093	-26.2463	39.13	-154	-122	66 
0x50	 12:01:31.934	0.6426	0.3599	-0.6172	386.0474	137.2070	65.2466	-136.9446	-62.8693	-16.7651	39.11	-155	-124	92 
0x50	 12:01:31.963	0.2822	-0.8789	0.2773	78.7354	50.4761	43.3960	-122.1899	-73.1085	-23.8843	39.13	-137	-130	126 
0x50	 12:01:32.074	1.6011	-0.5928	0.6143	-153.6865	-131.7139	25.8789	-130.1935	-64.0173	-8.8550	39.14	-125	-119	171 
0x50	 12:01:32.182	1.6338	1.8345	-1.4409	98.9380	83.0078	190.2466	-135.9393	-67.5659	-23.1921	39.13	-129	-125	123 
0x50	 12:01:32.268	2.5610	-1.3086	-4.3457	-112.3657	-167.5415	-105.7129	-111.1432	-70.2795	-40.5066	39.15	-145	-109	107 
0x50	 12:01:32.376	-0.2720	-0.7256	-0.1855	154.0527	166.1987	68.4204	-116.8890	-70.1532	-19.3085	39.13	-128	-97	153 
0x50	 12:01:32.460	-0.0210	-0.8999	0.3438	-163.0249	74.6460	3.9673	-108.1055	-74.6356	-33.7500	39.10	-123	-104	148 
0x50	 12:01:32.626	3.3359	0.7100	-4.7891	95.8862	-184.0820	76.0498	-106.1115	-71.9275	-38.5400	39.13	-132	-121	125 
0x50	 12:01:32.663	0.7896	2.2632	-1.0806	4.2725	115.4175	-66.4673	-109.2261	-69.4611	-40.0507	39.10	-152	-114	115 
0x50	 12:01:32.823	0.2139	0.6206	0.3257	154.9072	36.7432	-3.1738	-78.2281	-68.4503	-59.0845	39.17	-171	-93	138 
0x50	 12:01:32.865	2.8735	-2.3125	-0.9478	-96.8018	-18.6157	-135.1929	-87.0117	-71.6364	-51.7456	39.13	-166	-88	160 
0x50	 12:01:33.025	0.3633	-1.4219	-0.4756	-6.2866	64.1479	-18.9209	-56.9092	-78.6237	-67.1539	39.14	-139	-69	202 
0x50	 12:01:33.069	-0.0015	-0.1616	0.2041	-124.3896	89.1113	-6.7139	-43.0719	-77.1185	-95.8667	39.07	-144	-83	160 
0x50	 12:01:33.205	2.4907	1.6904	-0.1069	135.4980	-30.3345	203.3691	-62.9572	-74.5203	-76.5912	39.13	-169	-74	131 
0x50	 12:01:33.303	0.7427	0.2378	-0.1899	18.9209	-15.5029	10.6201	-66.1432	-68.7744	-81.7383	39.12	-191	-56	88 
0x50	 12:01:33.355	0.0786	0.0840	-0.5020	35.9497	65.6738	15.5029	-60.3204	-62.2266	-78.8599	39.13	-209	-40	91 
0x50	 12:01:33.457	2.4551	1.0273	0.1445	156.8604	28.0151	-120.2393	-72.3779	-68.8843	-68.9008	39.14	-199	-53	102 
0x50	 12:01:33.639	-0.0132	0.4771	-0.2153	-11.1694	5.3711	-12.5122	-51.4380	-71.7902	-83.5785	39.14	-182	-68	118 
0x50	 12:01:33.653	0.0938	-0.2656	-0.7173	-19.7144	44.3115	-20.3857	-40.6604	-71.0760	-101.2445	39.14	-163	-92	91 
0x50	 12:01:33.757	1.6392	-1.5601	-0.0654	-109.5581	-34.8511	112.2437	-69.7797	-65.3192	-75.7782	39.09	-178	-86	85 
0x50	 12:01:33.875	-0.1460	0.0669	0.1221	50.5981	94.2383	37.9028	-61.3586	-62.9297	-88.1982	39.14	-195	-72	55 
0x50	 12:01:33.955	0.4170	-0.2026	-0.4824	30.0903	9.3384	-3.6621	-63.1824	-57.9419	-81.5295	39.14	-209	-63	57 
0x50	 12:01:34.119	1.9722	-0.4297	-0.5928	37.9639	-59.8145	62.0728	-67.2913	-64.0063	-77.9755	39.13	-202	-80	65 
0x50	 12:01:34.161	-0.3218	0.0664	-0.1514	-57.9224	67.1997	-11.4746	-57.5574	-60.4138	-87.7478	39.15	-202	-76	64 
0x50	 12:01:34.302	2.5039	-1.6260	-0.1055	-86.7920	49.4385	56.7627	-63.1000	-57.5793	-85.8197	39.11	-207	-79	47 
0x50	 12:01:34.365	0.2739	-0.0996	0.2393	-22.2778	40.8936	14.2822	-63.3417	-58.8757	-87.4292	39.10	-209	-75	35 
0x50	 12:01:34.470	-0.0605	0.1743	-0.4448	67.0166	-14.8315	-16.5405	-55.0745	-57.8870	-92.3785	39.14	-205	-81	35 
0x50	 12:01:34.584	1.9790	0.4722	-0.1372	40.4053	25.0854	-14.4653	-52.0532	-61.4410	-95.3558	39.10	-189	-96	41 
0x50	 12:01:34.658	-0.1885	0.0259	0.1260	10.3760	64.0259	19.5923	-46.8677	-58.6725	-102.9803	39.15	-178	-103	35 
0x50	 12:01:34.755	1.2651	0.2021	-0.2144	-14.4653	27.9541	31.7993	-53.7561	-57.7386	-101.4038	39.11	-180	-100	16 
0x50	 12:01:34.934	1.4741	0.2085	-0.1948	12.2681	2.4414	-5.6763	-56.5027	-58.3923	-101.1896	39.13	-183	-97	11 
0x50	 12:01:34.953	0.6392	0.0234	-0.1948	-2.6245	-31.4941	1.5869	-56.7279	-62.1277	-102.3102	39.16	-178	-103	13 
0x50	 12:01:35.096	1.0703	-0.4194	-0.3867	-50.2930	-44.0674	-47.2412	-69.3567	-67.9065	-92.2192	39.18	-172	-110	23 
0x50	 12:01:35.149	1.2627	-0.1230	-0.0962	-55.9082	-6.3477	-1.9531	-76.9702	-68.9227	-90.6207	39.08	-169	-105	14 
0x50	 12:01:35.275	0.6274	-0.1636	-0.2070	-129.4556	-32.5928	21.3013	-96.3007	-68.1976	-81.3702	39.13	-175	-95	-12 
0x50	 12:01:35.348	1.0264	0.0771	-0.2090	-170.4102	-41.3208	17.4561	-119.8718	-65.6818	-74.8608	39.16	-189	-64	-53 
0x50	 12:01:35.488	1.2104	-0.0425	0.0093	-151.4282	-14.6484	10.1929	-139.1309	-62.4573	-72.8943	39.16	-203	-18	-83 
0x50	 12:01:35.596	1.0732	-0.1953	-0.0005	-186.0352	-15.1367	33.8135	-153.6163	-61.1224	-79.1125	39.13	-218	50	-115